差异总数: 10
================================================================================

【缺失的记录】
20250801054503000004|2025080105450304|75419815053523688|220515|888|022|20250801054503||2687.38|0
20250808173857000007|2025080817385707|41366246352632040|220515|888|022|20250808173857||1626.75|0
20250731200421000008|2025073120042108|66353136784718515|220515|888|022|20250731200421||1506.78|1

【新增的记录】
20250806165440001000|2025080616544000|34765610745885844|220515|888|022|20250806165440||4121.39|0
20250813140929001001|2025081314092901|31935297943753685|220515|888|024|20250813140929|3375.47||0

【修改的记录】
标准: 20250813102856000001|2025081310285601|76950647991594577|220515|888|024|20250813102856|1781.03||1
比较: 20250813102856000001|2025081310285601|76950647991594577|220515|888|024|20250813102856|1518.11||1

标准: 20250811212314000002|2025081121231402|28098924015350423|220515|888|022|20250811212314||108.32|0
比较: 20250811212314000002|2025081121231402|28098924015350423|220515|888|022|20250811212314||87.91|0

标准: 20250823001127000003|2025082300112703|96240955959473984|220515|888|024|20250823001127|1359.56||0
比较: 20250823001127000003|2025082300112703|96240955959473984|220515|888|024|20250823001127|1437.05||0

标准: 20250813130532000005|2025081313053205|84743849961390198|220515|888|024|20250813130532|3846.38||0
比较: 20250813130532000005|2025081313053205|84743849961390198|220515|888|024|20250813130532|3396.5||0

标准: 20250821124121000006|2025082112412106|13232557588933103|220515|888|022|20250821124121||1992.97|0
比较: 20250821124121000006|2025082112412106|13232557588933103|220515|888|022|20250821124121||2228.98|0

